37,5
37,79
0,462
0,458
0,456
0,454
0,453
0,452
0,451
0,450
0,442
0,584
0,583
0,435
0,431
0,429
0,425
0,418
37,78
0,417
0,608
0,414
0,410
243,37
36,279
37,77
0,390
0,576
36,181
36,180
36,179
36,178
36,177
36,171
36,156
36,155
36,154
36,153
243,36
243,35
8,11
36,311
36,309
36,308
36,307
36,306
36,305
36,304
36,303
36,302
36,301
36,295
36,292
36,291
8,9
36,290
8,1
36,289
8,16
8,2
8,3
12,2
12,1
12,3
36,288
36,280
36,278
36,276
36,267
36,266
36,265
36,260
36,259
36,258
36,255
36,254
36,253
36,252
36,251
36,250
36,249
36,248
36,247
36,246
36,245
36,244
36,243
36,242
36,241
36,240
36,239
36,238
36,237
36,236
36,235
36,234
36,233
36,232
36,231
36,230
36,229
36,228
36,227
36,226
36,225
36,224
36,223
36,222
36,221
36,220
36,191
36,190
36,189
36,188
36,187
36,186
36,185
36,184
36,183
36,182
36,130
36,129
36,128
36,127
36,126
36,125
36,124
36,123
36,122
36,121
36,120
36,119
36,117
36,116
36,115
36,114
36,113
36,112
36,1
20,3
20,2
20,1
19,3
19,2
19,1
0,640
0,575
0,574
0,573
0,447
0,445
0,443
0,441
0,440
0,439
0,438
0,437
0,436
0,434
0,433
0,432
0,430
0,428
0,427
0,426
0,424
0,422
0,421
0,420
0,419
0,416
0,415
0,413
0,412
0,411
0,409
0,408
18,1
18,3
14,1
0,407
0,406
0,404
0,403
0,402
0,401
0,400
0,399
0,398
0,397
0,396
0,395
0,394
0,393
0,392
14,10
14,3
13,1
13,3
0,391
0,389
0,387
0,386
0,385
2,2
2,1
2,3
0,384
0,314
0,313
0,306
0,0
243,34
243,33
243,32
243,31
243,30
243,29
243,28
243,27
243,26
243,25
243,24
243,23
243,22
243,21
243,20
243,19
243,18
243,17
243,16
243,15
243,14
243,13
243,12
243,11
243,10
243,9
243,8
243,7
243,6
243,5
243,4
243,3
243,2
243,0
0,466
0,465
0,276
0,275
0,272
0,271
0,405
0,12
0,317
0,10
0,8
0,522
0,599
0,268
0,533
0,446
0,267
0,510
0,461
